1234567 Мармеладова 1 2
7654321 Непейпиво 3 4
7435628 Мефистофель 2 1
8364927 Гобино 4 4
5234175 Чемберлен 1 4
2345678 Гоголь 1 4
3456789 Ньютон 3 2
4567890 Кембербэтч 4 1
6789012 Лейбниц 1 3
7890123 Эйнштейн 4 4
8901234 Пиноккио 3 1
9012345 Долина 2 3
0123456 Ататюрк 1 2
1357924 Эйлерклон1 4 1
2468024 Бабах 2 4
3579135 Картон 1 3
4680246 Бродский 3 2
5791357 Маяковский 4 4
6802468 Шерлок 2 1
7913579 Эйлерклон2 3 3
8024680 Тарзан 1 2
9135791 Нюша 4 1
0246802 Зигмунд 2 4
1357913 Фейс 1 3
2468024 Ким 3 2
3579135 Коперник 4 4
5791357 Автобус 3 3
6802468 Ганди 1 4
7913579 Рудой 2 2
8901235 Кагарлицкий 1 3
23441 Язагит 1 4
5379317 Хошимин 4 4

